5721
557
5310
7793
2973
1518
4440
9279
8710
733
8259
3787
2824
4224
5314
4002
9617
2192
8312
4043
7855
7370
4663
9917
3378
5856
5515
4880
2901
832
3765
4973
7741
5426
9117
7065
6944
3557
2695
2005
641
953
5791
3464
1528
7456
3818
1145
6000
2129
1539
206
5850
2553
6474
9227
8408
1988
4106
7660
9172
4223
8984
3264
9648
8101
6680
6591
8009
9374
8595
8649
6679
738
8465
8206
8193
2282
5702
544
762
7241
749
6611
9793
7222
2190
8201
5562
6295
2212
1085
6869
1196
700
6517
5648
7379
3107
3656
3104
1702
8656
9782
8791
3472
4340
6983
5753
41
3879
2866
7281
4627
9477
7074
8201
8018
1626
3762
4312
189
1198
7533
7736
1897
4049
3383
5627
7155
3390
8730
5208
2046
4864
3998
1869
9203
7333
3974
9243
1211
6839
2876
2189
2667
6301
389
684
4278
502
1348
4466
1699
8880
2202
9947
2928
1936
5573
82
5326
655
1642
3723
5518
5639
5591
1072
9323
9564
6666
6885
6403
9541
9074
5421
5841
5814
6105
118
6316
3804
936
4366
2683
9489
4313
5610
1424
9885
2043
3101
6891
36
6823
8760
2027
8766
9831
1349
8329
6497
8234
1083
6037
3659
2856
8230
9472
8960
4699
2139
2763
5634
6505
1797
5122
817
7406
2898
7053
5800
5998
296
5836
9173
9055
7862
7938
8886
5562
2618
5382
147
3701
7770
3805
6556
2351
9629
1867
7050
1767
981
9035
4623
2777
4157
1791
6534
3406
5196
8685
9403
5491
4520
4927
4545
8733
2864
3430
4295
5482
5163
4441
5534
9285
4598
8441
1635
4226
6659
8684
2344
7639
4071
6967
6767
4579
8757
3300
7984
3952
1984
3738
5794
2856
8665
339
1588
7880
120
2234
9713
5283
3027
5246
919
3976
38
2553
8201
6696
7589
6896
686
1659
3862
7452
6237
8971
7103
572
9274
9087
4309
5068
1942
9325
1758
9881
7205
1877
8467
6917
3511
1493
8515
4429
1820
4904
3334
6372
7952
922
3267
8637
8932
3481
2441
1520
2451
9543
8443
8076
8629
2751
9495
6922
8428
1252
3155
1984
3129
1621
5252
2991
9465
3766
7420
1284
5022
753
7655
2973
8026
921
7961
3309
753
401
4828
9555
6296
3270
7631
1276
2372
3477
4550
7151
4729
7704
9134
4209
9324
4386
7199
5140
4503
970
2775
9524
1722
429
8848
9747
7701
6809
9407
8454
3561
4234
8008
6208
3855
1990
7484
2579
1819
2033
9729
2899
9736
5215
7107
5411
9600
657
6902
454
7979
9676
6330
9700
104
5177
5799
4156
8337
5205
8961
8250
5791
3321
4457
9645
5310
8292
8575
7128
6676
8304
26
6411
3518
3484
8173
9469
493
5074
9922
8471
4749
2603
4522
1204
4132
6672
5360
2468
8229
4320
7069
4019
3992
7878
15
9302
6169
8590
2781
2845
3245
9159
5607
3114
8994
132
2582
5838
5205
8855
660
6306
1458
5182
3861
5589
8205
9220
4408
6433
9892
1477
6803
3883
5706
3170
9536
1874
8111
8669
1070
1355
7827
3029
4468
3172
3160
3401
9010
4716
8607
9669
7373
64
1202
1234
2004
9407
6805
6412
2191
6696
4240
8994
6931
9945
2163
2818
8170
273
1486
5592
7979
5664
8620
8798
8836
1779
8550
4197
2846
7156
3865
219
7220
5067
1452
5575
825
8256
1986
3015
1304
2577
2008
4586
8873
522
7403
7043
7146
5241
2634
1476
7256
7605
273
2443
5735
8822
6639
8580
2330
6856
8798
9549
1922
249
1475
2746
4857
3461
2112
6160
2389
4120
7097
1262
993
851
8304
8139
6091
7289
5966
9699
1245
6239
2141
6979
1412
5132
5558
3741
1987
4356
9641
3908
956
1116
3005
2164
928
5116
8323
9668
5587
1771
929
2932
2622
5584
1070
8712
9224
7035
4762
468
9625
6903
7446
7389
8386
3004
7481
372
3711
3474
631
1018
941
3635
3182
8220
5102
7856
7887
7041
9627
8816
9972
2248
4399
7393
7311
3623
779
2073
442
6756
5327
7888
4144
3712
891
7976
4083
953
1449
1065
1970
2389
1051
5151
608
6152
3007
8495
9544
2633
3662
9515
1232
4412
3259
8542
4386
4038
614
4828
793
2292
2715
1288
6003
9957
9263
6437
909
712
3853
2878
9452
4903
4381
6412
1055
3739
1258
6950
2723
4919
6465
3954
5682
6075
2495
68
112
9461
4895
7256
1752
7609
8543
4107
3917
4158
6895
4825
1221
748
4054
672
5650
8434
3435
3056
2172
4692
6358
4894
5962
9174
5199
1644
5248
7694
1711
5360
3506
2957
8967
1609
6917
3862
2067
833
8019
8962
5657
9239
6061
6062
6262
8062
4496
9697
7470
3019
4388
3827
4265
6702
3000
9463
8345
8247
3508
6407
9958
7013
5715
8925
4974
2631
2786
7040
3463
804
2353
5471
6394
8413
1532
2655
2827
2379
2351
296
1750
3091
4122
2366
6144
7121
1828
840
1719
1688
3598
1677
5052
9312
6953
25
1942
9738
7065
1756
6893
9417
3578
9638
4182
1461
2292
7008
3840
995
7303
1941
437
7776
4306
6580
1248
2485
7419
2966
4172
7368
994
5576
6679
7946
5600
8620
4035
9016
6727
7279
4785
304
6916
8966
1764
5560
5973
1955
2906
9627
247
3342
3754
4552
6273
5001
3389
43
4318
3912
7410
5312
9487
4088
9609
1439
9059
9996
454
5785
3626
5238
2440
542
555
4203
2453
2879
2510
5358
2505
2756
5051
6258
3660
1323
7610
7048
1365
1928
7311
5126
3591
6798
9213
3199
4588
4623
9546
5041
407
3172
6631
9198
65
7185
9752
2517
64
2261
7874
2568
5017
9276
5178
5028
598
9139
2075
8314
1066
9385
3439
4656
2534
2651
4207
7121
3625
104
8514
383
3275
5144
9580
3339
2328
9331
2207
2391
1592
6432
1311
2960
5707
2840
7987
6304
1978
6413
4617
9396
2149
4407
4051
4683
3409
4609
8155
7033
1065
6668
7415
4339
1811
6994
4030
491
2677
6236
9233
620
9020
543
9931
4726
3382
7917
7382
1712
681
8350
1107
2829
2757
1509
3863
6165
2470
8370
3198
3534
1389
6964
4224
9552
3958
8253
42
2986
841
9274
3605
9860
6169
3535
937
5902
7803
8318
7613
8483
6668
5071
7663
9424
6580
7878
1940
9049
2599
1489
8934
3987
8453
3157
3538
8762
7762
9931
1747
4954
5557
5351
1165
1725
8885
2101
7626
3039
6771
1591
7873
3438
6661
5535
9213
9592
9764
1152
4992
2362
2641
3925
2701
1093
3434
2590
9854
1195
2521
1600
6148
8077
3302
3664
6153
8538
5764
3778
1576
2534
1720
9448
2323
4733
1334
1535
4324
7450
2687
9316
9811
1679
9592
8863
9123
3025
1453
8976
571
325
6927
3070
4753
6580
6733
905
5117
8849
1034
3044
7734
2754
2491
57
3838
176
7943
8161
7625
629
3828
3788
8659
9772
2650
7781
2796
454
3108
9719
778
34
2788
5530
6613
5873
6434
8081
4721
3820
1124
8806
6573
9966
8862
6762
142
6805
4922
7766
3785
5102
1553
2444
4873
555
6576
4020
1008
9684
3738
8138
6069
2878
19
9034
8750
6453
7114
9822
6624
8238
8627
9548
8203
3841
6309
8344
645
7582
2462
781
2683
366
9576
7555
920
6152
7927
8280
2187
8016
6417
8255
893
6435
7288
5994
9239
4402
2167
5862
8991
794
5409
3545
986
8069
8241
7982
5651
702
8762
8333
7419
8338
2240
8339
841
166
6618
3027
8181
3034
7633
5426
5820
1273
1419
5059
2026
9938
7272
1016
731
9033
912
8068
7101
9152
6049
2751
6205
4810
1084
3624
9499
9675
8314
6691
6192
4931
6069
4372
4316
3702
6149
135
4974
3920
1545
6999
3857
8817
4366
939
4201
5277
9006
1301
781
5054
4052
6985
6215
1487
6960
5714
1161
5273
8756
7352
203
4825
8075
870
4878
576
7357
9851
4495
8901
3201
4703
4069
7566
5641
8269
9194
998
9570
9974
6051
9973
3311
8617
1459
6622
682
8971
1895
9438
6322
8449
4262
748
5671
9139
1323
3027
5341
5817
1927
8541
519
5996
2458
2511
616
8003
3508
185
4329
5910
6509
3991
879
7967
612
1560
3289
8858
997
9610
7307
1610
6710
2977
7100
8032
2355
2440
201
4281
7332
7071
6628
6141
5934
7244
4144
9441
3780
8472
1703
6641
8814
2581
4607
9425
492
4248
8283
1489
3857
1941
9450
6918
1269
6550
4950
3623
8989
1502
7903
2673
4924
883
8813
857
4478
9308
6650
4609
4131
4704
1249
2944
7284
2208
2369
4127
6455
7003
5615
6663
8943
1417
3581
211
7966
4882
3833
3306
2735
8087
5978
7658
8969
1143
8515
9798
450
1516
4407
4581
6219
5655
7524
3502
7862
6244
7628
668
3246
9595
7331
2188
7363
7263
2398
5328
2144
2582
8633
4878
669
963
8887
5989
2105
7401
5787
2554
8916
6545
3486
5134
2199
1010
4987
6413
3605
8967
7080
6851
4913
762
9038
2275
8024
7788
3954
167
6721
8938
1396
3741
9900
283
9730
2004
4035
1868
910
9303
8412
4395
788
6962
1756
5775
3374
5361
1093
6806
2211
6005
3919
7600
4631
1943
1739
8584
8461
8460
7521
6209
2200
3773
2843
8281
5776
6877
148
3037
6179
4911
7432
6967
1873
5539
9093
1598
899
185
4755
9461
2541
8674
7061
3523
616
8799
2106
5428
3610
5978
1636
5810
9750
4478
4090
1878
7707
590
1266
237
5500
5049
7203
3724
588
2647
5322
7838
9183
76
7299
8075
8749
4359
1597
5716
9509
54
7496
3119
2384
9131
5280
2133
9961
9369
362
4019
6310
7980
4255
8162
3028
7810
1885
3615
456
7206
1453
5991
7282
8751
4065
2382
9461
5662
4450
8969
2067
1945
8439
4450
7427
3718
2935
3739
9439
3296
7757
5748
1275
2012
3909
655
6173
5794
621
2980
9351
2073
8970
2984
7175
9387
5366
2987
5048
9815
1956
3466
1759
6746
7916
9185
464
850
9276
9902
497
7032
5649
8124
5395
5910
8778
1567
8055
9398
899
7405
7823
9868
389
1349
9254
2106
4336
653
1920
2643
471
30
9388
8386
5566
9851
5587
4841
9752
6083
8225
1753
558
3619
7662
5687
1538
2068
5085
2436
9472
9259
8655
9860
607
4261
1965
1294
4913
236
3936
1735
6617
9676
120
8535
9526
5706
3375
5630
8141
1599
3734
8698
1570
7747
737
3107
9814
2173
5542
9285
1431
4196
5497
8389
4808
3813
9683
9721
401
9970
1455
7017
9645
7927
5551
9171
9984
5278
1152
8124
3228
4885
3174
4797
8983
3910
7903
8796
6082
9796
4432
3864
344
9928
2252
5151
93
8286
1223
493
8256
9030
7509
7900
3308
9412
3422
3291
4689
4573
7767
7916
5809
940
2713
4791
1201
6967
9938
3634
3115
4370
7497
3458
649
6100
4960
741
4386
2535
1233
8993
1564
5094
6892
4871
4505
314
8161
9193
1238
2279
7108
7047
3218
6172
8189
770
3139
8127
4403
2605
8848
8251
6062
9496
703
7373
6589
1440
9907
7821
432
7822
2914
7323
2692
3770
3988
7205
2962
5226
9483
6422
2272
9053
2593
460
6174
2083
4938
6929
4687
3785
5179
7100
3281
2233
4473
6221
3672
731
4041
4103
8553
3307
1426
7596
7076
5413
4800
6390
6990
635
2811
9261
9687
5403
6073
2212
3838
1010
9140
8524
1147
4319
1976
779
2903
2800
6999
6575
3530
1039
677
2082
697
8454
6030
7773
219
829
514
7208
7815
3324
2821
3853
5078
5245
6065
8915
6254
5204
3791
7400
5874
2118
8178
8777
4917
1528
5351
8446
2567
2379
6880
9615
7185
2909
3739
3755
89
4252
7314
7904
7575
6486
1756
2653
1730
4172
7919
7984
9376
8061
1735
5249
178
6265
4025
5094
7792
5727
9892
6710
8106
3123
6325
1642
2383
6415
5396
8823
667
2709
6726
4593
5547
4834
7245
7276
9005
1516
1611
4732
9576
3346
9981
9754
5962
4005
4847
105
9732
1090
6815
4189
4212
9491
5830
2946
2257
7577
1769
2923
6637
8494
7516
2183
9679
1112
9459
5036
2627
1069
9767
8555
766
9747
8308
6727
104
9506
3184
6187
596
9998
6727
1159
5840
2556
4105
8096
132
5873
7371
3120
718
1238
5303
6749
2349
4761
1784
1328
2181
7902
9882
2947
4001
8189
6025
456
4046
9208
6642
4641
5557
3368
2152
7748
2275
6256
2196
8758
8480
9566
1877
9197
803
7179
2297
9503
8291
4080
830
472
8334
7063
3418
2334
1603
5794
2789
5649
5002
5782
6641
558
5501
8792
8306
7775
1399
501
2884
6230
6418
4760
1779
7220
8291
4075
3074
6581
4507
256
3404
2840
7318
3173
5173
8921
8967
4313
921
3968
94
7561
877
5594
2705
9182
9720
455
6034
2603
6685
2451
3714
8463
6022
2004
2537
5448
4937
7043
5703
8340
6234
3020
7865
7758
8292
6831
2070
9212
7150
8515
6773
4378
460
5829
9912
6531
6283
5945
9133
2967
4748
9199
1429
7121
1202
318
2568
2490
3712
8270
7182
6298
7642
5046
4055
5933
8228
2477
1497
1729
7343
4621
6106
7803
449
6017
685
6731
8314
6170
9698
9413
5368
7478
6533
2921
4147
9101
5411
4211
3722
2592
508
1363
3989
914
3648
2216
3390
5144
296
733
6116
6401
4887
6564
8770
5571
3294
3435
8092
9343
2847
3459
3173
9379
6380
3671
4831
8142
7881
8553
733
8388
6267
1073
5654
6266
3288
9043
1409
3583
6127
3876
6335
1013
439
5104
2936
85
8538
1027
9427
7736
838
8951
7115
3569
2622
1945
1710
502
497
8794
5242
3116
9866
895
9381
9505
6289
7142
3087
2416
1017
5773
9780
1456
7229
9067
1540
5766
6446
7318
9854
7283
6269
6968
851
8890
8912
8912
5743
5761
7705
984
5228
7570
8230
4608
7074
4519
1749
6512
3286
2766
2284
3065
573
9512
2132
8464
1630
4929
5781
1483
2211
2049
4802
9413
7290
65
8324
3033
2177
2380
4016
7404
6301
8598
2012
9726
3116
112
6237
6401
9229
4872
5817
9801
736
4300
8264
8717
9228
4045
6551
1438
2445
1352
7202
9735
7768
1877
2767
9945
4256
3134
3700
6908
1731
2063
6633
1198
2175
9221
3950
1403
445
9767
7556
1180
4066
5819
6248
9646
6215
2798
1083
5012
501
4637
4746
4620
2865
3864
4564
3473
3349
4616
380
5080
6678
7013
2629
8852
2585
6579
6607
3029
2697
4162
560
3114
6332
6807
2759
2547
5956
194
7558
2808
4830
8655
7428
7694
2518
8343
1166
2218
2958
7898
7297
9636
1262
6278
4839
3846
2856
1445
3227
1904
5606
3786
5017
1938
6945
7776
836
2900
7969
4745
2060
2798
3399
5839
6843
2268
4181
4361
4485
3491
2258
8134
9478
3519
4411
4316
7364
3618
5761
590
5521
7718
728
6889
9655
7672
4664
6842
6923
2632
1586
5334
1781
4984
1172
8624
3603
1705
9336
4440
5195
1593
2573
4672
5111
3335
5339
8826
3304
7451
5768
5176
5169
2847
2064
1175
518
6728
8017
3792
9359
5954
9126
7492
938
297
6115
892
8353
5450
5331
3547
3394
4255
4570
4856
7589
6261
33
892
3711
2152
2419
5231
4998
4483
6406
1867
1210
774
5659
6920
6727
1136
4411
4016
1432
6877
1260
9785
8678
6590
9683
2071
845
605
3278
4785
6865
3311
2029
575
5462
4447
2158
6812
8929
8563
8678
6490
5688
4336
3410
8766
5471
7820
9134
3255
1049
393
9391
9726
3334
5425
1797
530
6029
5074
1667
2893
4736
3695
9820
6550
4493
1977
3361
9774
6891
2038
6263
8930
6374
6024
4047
8196
196
3180
7802
1244
9924
7192
969
3258
2617
9117
139
8645
4191
1805
7890
5278
5499
4061
1827
6344
2389
5187
6117
5631
7225
8731
912
9950
4755
4958
4497
4950
8138
2299
6193
8061
9490
7161
7670
8458
6278
7809
3455
6820
9613
1344
2097
1464
1756
276
7807
4144
5462
275
6126
9038
9005
7037
8987
3759
1994
3484
8708
6483
5782
4900
896
1623
8413
8565
81
1042
2725
9887
7861
8690
1230
6309
153
9337
6584
4311
9832
8398
4585
5957
7435
3589
2993
6422
3700
1338
6257
2407
7821
8390
3659
8716
6364
8423
3632
2796
9464
6357
2682
3676
5046
263
9984
1550
9599
6568
5860
9430
4965
444
1738
8751
384
1082
1524
4083
2420
7780
2842
240
2521
2852
5307
8885
7626
5290
8032
7089
1646
714
764
3043
976
7099
4592
6927
18
6803
6356
4982
3598
4446
85
3982
5527
1608
4416
7946
5740
3609
4537
8260
2812
6195
3496
437
1485
1528
7525
9482
2241
4640
2525
9568
1739
3468
6494
1756
271
9202
3090
220
3647
3174
553
9173
1133
4969
3471
6872
4929
4359
5132
7741
554
4979
4529
8390
6506
2054
7871
5098
3045
395
4666
4783
215
7511
2891
6837
6712
2332
7056
6710
5505
7609
2235
6637
8929
5705
9861
3857
6415
4992
7949
6968
6322
2478
5357
2828
883
9580
4277
279
6326
5294
1414
6540
2805
4304
3376
5868
6635
432
2578
8491
4392
4812
1479
3320
6868
1339
3528
3282
2682
1477
6602
9004
306
8310
8183
1188
7889
2459
7818
4215
7753
9231
7106
6909
3534
482
2776
6520
7265
1705
1362
1656
6516
2841
4975
9735
531
8502
9369
9565
6330
5970
8568
6635
631
3102
4174
4872
1912
1992
9086
9664
1222
6191
2924
1108
3024
5700
3979
288
3756
5341
8295
272
4533
9621
6358
1415
8123
5726
979
804
8047
5898
7439
8678
8999
7964
3549
911
6307
8986
6926
7529
1528
6202
4988
904
8253
8966
7543
2008
658
5838
2279
5190
5458
4989
6605
9932
714
3935
736
8761
9833
4526
3790
5183
8841
7338
2445
5148
2675
5723
9028
4202
1924
4015
5105
176
9332
2648
2183
9990
4837
814
5179
6646
5802
8135
6578
6515
2070
3665
1627
1902
8190
5416
3436
7030
9105
5881
2177
1779
1603
7556
2333
9878
1570
3789
53
902
2788
2235
891
7624
9400
2421
4270
5201
556
7199
8068
8977
863
6046
7230
5404
1462
665
8785
6918
2897
962
8697
851
8517
1029
728
6439
4817
780
3692
7605
9367
934
1580
5118
3354
2201
6671
261
9399
4738
9237
261
7135
2818
2016
4948
3483
801
1866
2731
8114
562
3582
2982
7942
4309
9420
9110
1441
3111
3066
807
4044
4646
5924
3750
3198
2594
4010
2597
3683
9599
9209
7170
2416
1225
2117
2250
2025
3982
4981
138
895
8562
3119
5188
2870
8891
4298
662
8353
3715
1468
2397
4712
3744
2498
7910
2689
2859
506
2724
2457
9714
9893
1225
7290
8361
9826
9314
2343
4806
5803
9589
9719
8922
4777
8941
4164
9074
9602
2516
2788
7422
4912
7500
1165
3761
1761
205
6620
2266
2928
5428
8331
9172
3004
5621
7533
2830
1286
6227
3987
7089
5815
3706
2362
6943
2646
6525
6016
2247
9040
5156
6020
304
9007
7184
4064
7119
7389
7035
9384
6668
8815
4066
2192
1818
6038
9724
999
7324
2302
4986
764
8116
8691
3125
5059
7688
6001
7426
6286
5040
8933
2306
1695
4291
5841
2111
1409
9581
9145
7144
6249
7959
1210
8440
6129
3599
4515
7127
922
6816
2112
8037
1283
7154
1161
2693
4841
3513
6471
7479
8553
1755
9784
6599
6046
5624
8709
3806
5205
7854
950
7805
2164
8511
2596
8292
2109
7110
1771
9383
277
234
7419
1559
7388
4932
604
8580
8444
7074
6058
3348
8828
2193
9947
1225
7817
5007
5031
9373
2860
2332
7177
1376
842
9772
6019
9302
3233
7789
8684
3509
4375
2455
1419
1762
3738
2022
6693
8533
9095
2751
8233
4275
4943
8179
5499
9111
9537
529
4835
8749
2860
8363
124
53
4486
2494
9355
7718
6635
4390
7578
1009
3196
8997
2770
6933
7370
9462
1818
2817
8564
50
7091
9859
4580
8941
5321
4116
9470
156
2864
8681
8518
2987
5086
9356
5481
792
7073
2115
1533
1003
3123
4729
6351
2244
8013
3720
8057
9830
2888
2973
9879
9978
2831
4458
5271
4503
8574
1092
1010
1437
9772
5880
776
1209
5235
2608
2000
8659
1074
3533
9661
548
8261
6011
9143
2625
6083
7199
2455
8970
6523
8685
5300
5705
3143
570
208
8068
1661
1217
5856
7784
7096
6631
8993
8682
5590
992
7341
6663
876
7001
3562
5488
9364
2704
8113
5446
6255
6919
4415
2777
5603
6066
8482
8745
6635
8689
3164
4647
6257
9020
2431
9705
2002
1423
8386
7592
8766
2078
606
9642
9079
4168
1481
4794
6871
9593
239
9477
6511
1005
2254
8466
7071
7087
7210
57
2127
6726
4704
8383
5745
7134
4439
7746
4908
9177
5337
25
1254
5943
9666
332
6462
7499
5125
9684
7091
1715
9161
9954
9072
7766
8419
6142
4852
1980
6198
6978
8705
7253
1712
4449
4386
6151
8547
5645
5327
3883
5670
2932
6177
1687
3264
2638
9185
4740
8674
2628
2807
7834
2581
1878
1951
7351
4371
6802
9330
6920
131
4387
4173
1842
5187
4910
4344
3733
555
6022
3968
6224
8954
6496
4262
8569
5486
3447
9660
4159
6074
2466
8344
5006
4343
294
2356
5065
7095
8037
1985
7225
8775
6157
5418
3962
1066
6114
4046
7972
2135
4365
4195
7440
861
4809
6008
6346
8255
5668
504
680
4485
8847
2037
5180
9140
744
244
2586
8780
2228
6162
3907
8384
1579
4220
5802
4044
8265
3773
6179
2630
4320
3618
9842
9128
5978
6187
7382
1645
6690
4413
6129
1888
6449
1308
1027
7192
1552
9964
2323
3779
6125
6229
8515
4055
6800
4316
8099
5065
4440
629
4046
8759
598
3887
7886
6575
6425
1619
8219
3114
6031
700
1353
8831
2007
2379
6022
9910
8694
8345
41
4818
925
4907
5224
7725
9222
9674
9141
13
302
9538
8772
900
9776
6657
3826
6200
4628
2045
5665
658
9096
7017
9489
7454
5747
1862
7364
4440
6558
3756
5609
7483
8662
7184
1559
4235
6858
699
4247
7159
236
3018
4410
11
6027
8236
2562
7006
6632
8226
7663
5727
1594
3503
3180
7340
1717
6895
8131
8274
650
3739
5756
9311
922
7314
9897
7779
4364
4144
1290
4599
3513
2051
961
5891
6638
9874
2896
3269
8099
6911
5347
6044
413
8527
3383
2129
5421
1513
403
2423
1603
2510
8085
8877
6176
7982
3007
539
2125
4296
5138
5637
2699
2450
7880
9336
2324
775
2605
6774
7685
4303
2818
4450
2829
2552
2930
4602
417
9684
7024
2019
2194
5108
7247
8369
3089
254
8907
1565
901
396
3554
3599
9198
1433
9287
1521
2207
8243
4646
6244
2545
3815
693
5374
6367
9974
6327
6783
9658
9702
5153
1851
4809
2400
6571
4250
2653
1829
2166
9905
2225
5719
3504
1422
7151
9142
9294
5710
7384
3939
8305
9928
7754
5349
5301
472
5322
7979
3606
4979
7680
8758
3181
8841
7509
9751
3090
6513
7932
5255
6418
156
7326
6273
7929
828
5414
7222
6537
2797
7512
1193
2724
1617
6541
4377
8440
8215
8707
2045
3193
6387
7155
2726
5227
1015
2476
4668
7528
407
9922
297
6914
7247
6569
4842
4427
8334
8415
7315
7482
2279
8508
6557
3895
1400
7285
8687
9614
5992
731
2807
2378
4237
5532
3956
5252
4359
8623
2779
1118
4896
9427
4383
8495
2347
5577
2921
680
3991
235
4513
2621
8742
1069
6516
142
8354
5202
6107
697
2284
8913
3074
6521
796
3381
1772
1507
2003
902
8976
6898
328
3358
5392
2674
8934
4664
9705
9277
4899
569
1897
9992
1637
4764
6485
6342
6317
2592
7038
8601
1504
6463
1473
8652
9843
3244
6510
8197
497
5485
5095
7176
8842
6838
6201
4128
7854
5905
3404
2752
6473
1652
2743
4461
6416
5580
803
2732
8171
4192
7684
6026
655
9156
4677
6849
8751
1186
5046
5599
3022
6492
2774
1864
9681
8974
2343
7534
1230
5746
6637
4054
7397
5732
8515
164
1311
5669
9248
9481
6212
6931
5506
6866
2439
6535
67
1189
7720
1464
6788
742
7955
5913
8957
3987
4887
1299
1521
6116
3396
4509
6522
7144
240
1388
7308
1550
7056
6555
1030
9619
9837
2888
2837
2275
9422
2903
9816
3493
4366
6603
586
8672
2515
9542
2658
3753
7192
530
6221
6939
5039
2742
4083
5278
4129
7742
3180
7536
648
561
7154
484
3448
9990
9111
2869
9244
8926
6362
3609
1880
6947
2280
746
2841
1290
4499
6384
1819
719
3323
6857
3460
3757
8487
3940
7850
1666
1475
8497
2226
4980
5332
2026
4970
4442
4894
565
3367
7607
4174
5246
906
2805
5992
3746
446
6842
6481
2265
7560
9803
5473
7371
9911
311
1310
7760
1976
9136
6256
554
467
7940
2579
1788
2381
3824
2353
2100
7783
6526
3697
8688
5682
6040
8785
6128
2881
5265
4744
6792
1420
216
4162
1330
527
1823
5442
8854
7310
8049
5759
7777
5988
4689
9564
8369
8513
1916
6820
6295
4793
516
1334
475
6556
118
2954
5788
1734
7697
2580
3153
4264
6741
835
1142
4916
6276
6348
2225
4324
2106
1
312
6795
9565
5032
1659
1480
8203
4305
6273
8718
5638
3099
1625
2107
6052
7413
192
100
6344
9697
4363
3084
531
5505
4351
3158
8204
6576
7481
309
6576
4144
3455
2492
5527
5113
3972
3729
5769
6596
8799
1406
6046
6775
9864
2097
539
56
2196
6882
9752
2910
6318
6634
4766
668
9791
2969
7243
3623
3278
171
4119
3084
2662
5997
8197
2985
9726
3965
9580
4876
1723
5625
1650
7938
4073
2189
4345
2620
9070
448
5530
5387
7081
295
2407
3223
9616
9649
6846
9245
9819
7316
2328
8833
3312
524
1817
9389
841
7749
4264
8915
9725
2266
6852
150
4454
7549
2769
9875
7996
4650
1614
5077
4945
4020
4651
912
20
1496
156
6191
5163
2483
5023
8475
9359
3191
7863
6551
939
2127
1817
7016
4392
5020
7165
5197
2568
9933
1423
564
4583
3036
1992
5879
3407
6642
3142
3427
4490
3297
5969
9652
2131
7343
4478
7841
533
2341
4391
7824
819
6207
4839
5210
1227
8355
6758
3794
4639
8180
709
9221
7568
9052
1451
974
5694
4592
752
6535
4240
3072
2538
6371
414
7016
4211
947
9356
4954
5122
174
7512
9960
1735
8738
4666
8492
8884
9304
3023
5944
4877
590
4996
6327
7916
7041
7271
8667
3575
1510
8091
6112
4232
8504
3127
4795
9450
8834
6100
923
9007
3611
7234
7093
2349
1899
1936
7584
1203
4959
3527
6079
5548
4874
8757
9815
1914
6027
4834
5488
3889
2924
7952
4472
1427
7430
5618
7229
6264
1717
8151
1622
5328
5385
8715
4028
7283
650
7963
4837
5608
7841
915
7508
2715
6024
7322
4628
8402
8507
6468
8642
1430
771
3114
2857
8200
5083
6437
4463
6800
939
6085
8479
6323
4799
8858
9958
1800
6820
4794
7408
1012
2061
1267
3726
4436
4940
4706
2837
3447
7525
1479
4876
8295
944
4084
6494
6026
6872
7309
9177
7811
9745
4007
4133
895
9216
442
2694
2387
1588
6453
3399
10000
7719
3476
4435
9011
4533
7271
2457
2057
5101
3684
6703
6044
4120
9549
8422
991
6857
3950
8801
2953
7957
9286
3847
3524
9727
6540
5911
7666
9345
9309
7665
3415
2784
2099
2425
7317
9370
1233
5725
822
4917
2428
6866
5388
1976
1639
6378
5184
5588
1531
8136
9896
7168
1982
3420
3246
4873
9330
912
4217
4990
8576
7632
4125
7027
6408
7793
2748
7641
3518
3569
8909
2297
434
4296
4272
8424
7025
5807
4012
4907
294
259
2074
2275
30
5320
3499
5711
6231
4068
700
1158
1699
4825
8184
8106
2617
931
2098
2486
4500
1006
4782
1285
1653
5405
9709
5030
1211
72
9936
7856
6682
2010
6482
6712
3681
9981
2422
6263
4048
9474
7420
2098
650
5604
6555
9618
2886
8653
2104
3737
6010
3237
5022
4015
8642
1082
9044
6204
7505
8979
412
4186
7340
6893
7249
1020
6873
6023
3634
7272
5496
1054
9369
2497
3009
5924
2114
2246
928
569
5983
6937
158
1004
951
5151
8437
6346
1354
5941
1677
1765
126
9016
5010
7375
6388
1882
9749
21
9154
5244
7426
4874
4092
434
7149
6205
2680
8076
3126
5014
1365
3283
6017
8667
8433
4453
5013
6138
6745
6689
4255
6870
2056
9264
596
4795
7497
344
4816
3002
1939
8593
7876
6030
5379
5024
8587
4410
3100
8064
9423
816
7698
5439
9482
2482
6243
846
8619
2987
3886
9225
6208
5942
4840
3156
736
2337
9851
1903
5338
1790
496
9565
4171
5874
4589
9109
283
4040
3524
6057
4855
1221
1495
688
3702
4089
1534
8673
3427
5419
7897
5986
7712
9089
9141
8448
7777
8992
6702
9466
7133
3549
9031
7655
9422
9971
3116
6056
4010
6639
2112
5216
7860
9958
5903
7913
398
3788
6585
3824
5559
834
9810
3270
9922
5302
8069
7698
645
4771
3515
4129
8319
2545
1784
4093
2515
1251
6500
2876
7889
4964
8091
2100
1273
346
6365
1671
485
2949
5494
6043
3782
1655
5665
55
3309
3733
4104
3953
4855
7619
8082
9526
6515
6217
3618
9030
7467
6469
1905
1707
1432
6348
159
2705
3045
6523
727
3529
5823
6220
9572
5957
4227
1588
6011
7535
5320
6467
7839
6527
4085
5920
6052
599
8488
6021
5980
5954
8841
4237
4013
6625
584
523
9329
9980
7045
6407
3508
2867
2626
9431
8823
3204
1018
1186
7090
2690
7652
4929
5568
8088
7200
1619
5038
5688
3991
1018
7993
9183
1606
2005
5807
8541
2527
1487
8520
5923
7893
2027
5142
6871
7810
3964
74
8827
1501
3516
7868
9152
8444
3435
3591
1995
1405
8629
7682
1747
5998
5675
930
7603
4031
6736
6143
2910
8223
1014
5184
2467
9392
325
9337
7201
641
5763
2380
2141
9278
247
1293
4073
3682
4883
6067
1438
9863
101
3185
5860
2127
466
9814
2509
3553
5956
5418
8127
3321
6954
594
2713
7278
9930
9913
7918
5692
2292
59
1321
8891
7703
1745
2572
8937
4164
361
8800
4264
9897
1011
2742
362
825
5250
3915
3132
7020
2041
6453
3973
2634
9165
1250
8916
5429
5520
959
7721
5578
2280
6611
9632
376
5534
8568
4539
5894
3719
5154
2143
4730
7895
2504
5554
3145
6418
8685
164
4811
1489
488
7444
653
8089
6359
6082
3608
3670
154
5537
5949
3116
5168
2676
8649
3736
7215
894
7454
2368
3036
8535
263
5540
4088
9759
8309
9125
6274
3119
613
6761
6915
7618
4849
3273
51
4809
6942
204
345
9242
3319
5513
8270
8319
5600
5484
9212
3053
4203
8600
7940
817
491
2027
575
8799
7503
3200
8270
4468
6312
5184
2085
7513
4808
8487
2321
8102
5042
2665
3695
4712
4529
1964
3030
128
7447
8593
9533
8002
7192
7472
8818
4034
5850
5745
9185
3353
8944
7454
4172
5256
2637
6256
9120
3796
1094
1440
1897
6135
456
1944
846
4985
3907
3875
1464
7706
8819
996
5707
2363
4819
4524
6396
669
268
5580
373
5564
9385
4544
7171
8373
7151
6290
2169
8244
4081
417
4378
888
2360
1575
2224
2619
1801
3688
324
619
1035
6030
9333
5854
6905
2081
2874
3525
4012
3246
9088
3397
4141
2610
1769
1291
5251
289
5886
5683
706
6615
6570
9417
8189
8794
2035
6341
8833
8710
6959
9867
1091
2644
2072
7996
4724
1297
1520
8735
894
6959
2131
5034
5920
252
2676
1170
540
8561
6852
7597
1527
9773
3366
9715
8566
1752
6055
3750
462
9366
9969
1552
8361
8392
5899
3084
9689
7418
8170
582
728
6653
1968
2999
6904
4643
4168
3795
9556
7371
7744
1082
3496
7461
7149
8413
9212
9555
2163
6025
5272
2131
7577
3632
522
3475
3067
6562
7245
1237
7144
4324
7889
5463
7323
1144
105
7842
4938
6012
1565
9033
7094
5060
6493
594
3472
5705
148
1986
1729
5420
4116
5657
5403
990
5484
8470
7551
2728
9706
1046
3403
3946
6508
7077
5089
2965
1271
6378
8976
2835
5411
2421
4246
1903
3014
4069
3959
3162
6055
2040
4933
6522
7696
335
7511
3179
5156
1414
2258
1213
8811
2013
5158
5319
9089
6598
8283
6711
9328
3610
5897
4738
6031
142
2992
9044
563
3303
8557
6617
5342
9841
9490
3037
176
3353
2568
1683
4766
1177
2896
9928
3189
4405
5246
8630
7355
9880
5340
6682
3490
1237
1419
9520
7730
762
4915
8292
4064
3472
1260
9405
9664
750
8794
9839
454
7713
7874
1571
8889
769
1498
8430
1525
6744
7059
8879
2975
2398
5560
6464
9986
3330
2335
7716
444
7250
2359
4507
7073
3619
264
6736
720
5409
2927
1173
3121
7152
2743
8361
7920
592
6790
5796
7335
200
4675
310
8950
6586
3125
8935
6268
5460
3002
6711
9061
5361
7569
2485
5331
4184
5572
6050
9592
8498
3574
9064
2001
2668
3777
9920
3259
566
2068
6946
766
6742
7255
9715
9679
6731
5001
5946
2190
8003
9008
1250
3363
6577
86
8693
760
5658
1094
6704
4155
1019
2119
6156
38
5895
2427
3296
2813
846
241
9930
3939
3847
5996
3618
578
996
5915
9119
5350
4923
6721
8712
1499
6806
3756
8610
2463
1201
5313
2970
2219
3784
5477
2256
9678
4255
1904
2490
5101
8496
8771
9039
8695
4766
9008
5624
2114
4923
4742
7463
6197
7814
2527
7695
4620
6282
2656
3434
3835
4321
2755
2405
8104
8231
1013
4133
8838
2916
6623
290
1411
1745
5680
6457
6511
4688
2080
4976
5962
3174
2438
2158
987
4964
6204
1958
7598
5211
5392
7784
9531
8146
188
7634
2729
1200
1767
7918
467
4741
8207
8230
6485
3886
4686
9347
4925
6766
674
886
9939
3112
9395
925
4427
1950
2883
8376
7161
4626
6159
6691
9123
2699
677
1851
3898
2443
9768
4365
3535
4326
2594
6371
8212
3631
2070
3136
396
2743
374
6686
5854
9768
3963
6633
8070
6845
5008
5230
7822
7519
1920
6944
217
8948
5147
4114
1390
1266
4830
1276
5592
3775
7647
155
7406
9716
9642
4153
2458
15
839
4664
6135
4801
1296
4204
7997
2655
5785
2170
173
4056
9113
389
3004
611
855
4393
8229
5684
5669
172
5811
9667
326
3216
9382
9967
3720
1839
9982
4558
2854
2468
5710
4149
3023
58
6804
8807
2227
6976
2862
7692
3717
5865
8302
4571
258
2882
254
2278
3053
6064
1944
3378
5631
7677
9697
9351
5867
6030
260
8721
8497
5970
9221
1519
6027
6024
325
8254
9352
9538
2297
3068
5403
6950
3990
2012
9832
595
4289
2884
6659
2584
2614
8641
260
8662
7991
6126
4691
4603
1198
9539
572
419
7409
2950
6442
4085
7555
2145
3622
9851
1564
9024
6801
5553
1035
6632
2500
1675
5867
9158
4258
4832
4150
869
3493
8493
3347
8183
3095
4544
4073
18
4962
1481
2967
7756
5565
6874
6252
9187
6724
4168
4562
9876
6072
5597
2859
8571
3623
5078
4080
4233
9909
8230
5101
3402
3074
4799
7936
6168
9343
2009
2537
656
3489
5503
4763
9054
8728
1015
4592
5452
5182
9153
1679
1253
1101
4538
6176
4724
9615
255
8956
9523
4836
408
9276
7909
5207
7212
4076
4549
5572
2964
1556
9060
4819
6319
4465
3546
7333
9056
5349
8866
4561
7028
6470
5661
1565
2645
384
7531
2900
9339
3405
7735
9747
2681
1996
1305
6244
2423
2205
1815
5387
3760
874
205
78
1691
3750
3762
7098
9099
2627
1658
6126
5449
7319
4042
8093
7702
1572
7344
3393
4976
1431
9491
4008
3426
795
251
5848
2999
2065
1234
6758
9291
1438
3188
7333
1540
6949
4430
638
5928
6088
6763
7728
3406
7156
5820
7459
8727
9516
7203
54
946
6693
414
723
3839
664
2922
3189
9081
4156
6299
4723
1945
9486
2055
3484
2786
6484
473
5065
8923
3587
2792
2328
742
4964
6139
5820
4479
3341
2226
1776
6386
2639
8850
224
9654
1771
9765
8734
2278
6063
9808
575
5548
1862
410
4685
4698
883
9750
3620
821
8893
2300
1563
3856
8438
3734
4686
8130
2311
2813
4515
4949
1662
1091
4603
9785
855
9688
2062
6917
5848
8988
8816
7709
9398
3500
8758
6632
9601
8730
7452
4846
1029
5366
8701
5818
5452
9739
3947
7762
2551
8462
2711
565
5904
3665
349
6758
9704
8762
26
5551
4102
8841
9612
3499
8692
8369
6482
4645
3450
285
9490
4478
5651
4542
295
1102
4280
4242
5215
3183
9055
4277
3747
4958
4293
447
8067
3997
5560
8092
5899
6013
3284
5510
5863
1975
231
2344
6619
3680
2629
2460
4510
4631
7002
1156
2084
1281
5397
7298
815
803
1575
4561
2112
2219
1359
178
6215
3271
4621
8466
9283
7904
327
5146
6231
557
3841
9201
589
2821
1661
1450
7451
8662
2605
9534
6294
4354
3184
7109
5156
1110
8021
3620
3328
5732
149
5895
9002
4770
4360
4636
9025
4686
6133
5255
1595
9974
4456
8535
2794
2468
6336
6597
1129
8940
6130
7422
3293
5665
882
4801
6774
8903
8420
6454
4634
8568
2348
3635
9689
3059
4622
8714
4096
755
320
2042
7080
4775
576
6225
7242
6911
2821
4722
2203
5303
8496
1847
967
9377
6647
4093
4631
1418
546
9264
6338
9245
9250
6026
8655
3872
1091
2750
978
1411
1144
8057
2537
1719
633
9779
4982
3454
852
3536
8756
5699
5382
9722
5076
2029
166
9706
9798
7063
5322
6135
6307
4571
8513
1313
4794
9603
415
5771
1013
1558
179
3550
9628
812
9680
4609
617
6883
8144
9372
2582
9878
5445
4009
1906
5611
66
8055
2673
5387
542
5332
6310
9054
6644
7455
5008
3410
9578
2373
4967
9756
2274
4595
6919
8305
5555
7535
5187
51
3258
4120
9928
8703
4480
8185
665
898
6239
9689
2636
6780
5020
8945
2185
8016
6400
7193
7777
5977
9565
2744
2084
8190
7338
5355
6494
9244
9241
8032
9294
2499
2152
9221
7553
2983
3757
4569
3880
9996
4257
6516
3127
5629
5460
1664
9996
8211
8856
7772
539
4772
515
2623
2961
4204
4329
5806
3448
3569
3837
9093
2419
5988
8314
9971
8971
8422
4539
2850
4769
5148
5717
7896
776
1177
5911
771
5739
1118
4894
6278
5889
5409
5252
5201
5964
5932
1006
9411
9500
1194
8504
8271
3534
3169
8241
8856
1590
9132
8057
2711
4279
3774
6958
1406
1302
2868
8528
7040
3985
3421
9669
6225
8829
1272
7777
4793
7203
8782
555
3055
6327
5410
1325
9860
4930
5917
8715
2872
5048
6772
5582
5678
545
2539
7083
1846
1758
5610
5237
5742
9031
4906
1966
4211
6177
9742
5355
9732
4875
2262
2786
1201
7671
462
7413
8953
6378
6127
1824
1426
2898
3757
3455
9794
6295
6890
1639
8052
8851
3228
145
4233
8133
2110
8444
661
8203
150
6744
9429
2411
9529
629
6434
6342
4393
5386
2720
520
3561
497
9769
7317
3951
9563
9963
7192
7553
4366
6043
780
4510
275
5264
2971
5070
2277
1173
5220
9020
601
3982
4901
7581
6767
1242
1974
8504
3961
8845
2064
4457
8613
5732
4760
4527
5694
1951
2080
59
7993
9211
920
4620
4475
3890
9689
6751
5062
1260
2122
2014
1594
7022
9595
8360
4616
7920
6864
8576
6764
5279
9385
1728
1011
4144
6255
3056
6094
4686
9467
439
3896
386
5058
4722
4276
1098
7824
5689
2358
9946
7703
3951
3319
3649
2310
7934
7920
5525
2862
1035
804
2246
2762
8166
6389
5368
7573
8834
53
7039
5624
301
7425
681
1374
8052
1779
9198
3740
488
5495
1442
4438
5165
5090
3099
3099
9361
4976
5960
395
5779
4557
3157
296
945
4876
7868
6130
1281
1259
1754
1581
8683
8786
9306
6734
6916
4855
473
7403
6701
8267
8192
1866
9708
1291
1316
9069
6266
7275
9463
8396
8183
8971
5043
5479
3847
9262
1608
5127
520
9713
3059
9202
8499
2364
2287
5414
7219
9112
9169
3919
3730
7360
2136
3437
5002
3451
8857
7619
7077
8320
2366
5259
3642
7408
737
7488
6670
8697
8966
7189
8409
2024
2743
3259
4388
1381
5025
7958
492
4193
8228
4221
7904
364
4010
2906
166
2866
6876
7243
7537
9242
2501
1179
6649
9590
5018
3318
8286
3984
6859
3046
6007
9601
6305
6746
7333
1329
4703
7825
1873
9283
8397
9776
5998
8758
9033
6163
1624
5909
3405
5512
5150
2258
6690
8150
1847
1708
7820
6484
5691
4678
9529
8049
630
5833
4795
7962
7161
5849
2138
5385
5131
535
5161
1128
5644
4193
7291
7267
6453
7047
9131
1602
9304
5820
9752
7502
3879
7571
3985
5921
8600
3514
3970
9229
5698
5116
3542
9211
964
5680
4595
2447
2566
9755
3574
8209
300
7216
1828
6752
615
958
4706
6270
3129
809
3772
7008
4731
4108
9280
3330
7621
3249
8910
9671
4716
2451
8881
5680
8130
3475
8126
7047
9582
8051
5256
9881
1619
7083
2984
2233
4392
4041
4854
7520
4849
8625
879
5931
2733
159
9260
6705
9759
4521
6375
4475
3324
5255
6506
1453
5082
4631
4852
4663
9033
107
895
7003
3541
3878
5587
7932
4271
441
5451
9119
9065
6330
1402
8149
2840
661
4854
2598
1534
7580
3424
4857
9187
9929
2661
4268
911
7512
5282
6296
3970
6176
3298
7510
6405
8885
5441
675
9325
7244
6146
4741
9925
7547
2890
2764
4559
4095
1713
6092
1674
1489
948
7212
1417
9961
1479
8680
7472
3112
4975
1442
9287
8272
8951
2044
7156
744
2718
2832
4339
8863
7573
4263
2761
462
3378
7320
4556
1442
9763
2581
2930
7063
9793
699
7023
7623
9378
4494
735
4352
2287
6373
8975
7590
8416
6131
8333
7486
8962
2671
6348
6534
3285
5461
3347
3014
9132
7902
4455
8894
6835
3737
5956
6627
4435
2978
601
164
3824
7687
4515
6110
4060
3489
3699
2475
5971
8383
9960
1285
7405
2660
7818
689
4472
7517
54
3603
5418
861
2496
8604
4597
4804
1582
5383
7781
2183
5546
7956
9869
6412
4066
280
9900
7764
2755
2223
2499
9066
3507
9903
8077
7676
6944
8900
5192
6997
2502
6962
7857
1350
5565
8805
6153
3499
4187
285
5681
9732
8241
5549
6143
2306
5829
2395
6421
4935
969
8919
352
4475
5174
4781
8502
2117
3680
46
9113
6182
7007
3322
3883
8923
2126
35
2421
6313
319
4453
2396
8559
6354
4891
7216
8534
3637
9989
9820
4605
5259
171
5431
432
1303
3932
2548
4983
3977
8013
7516
7335
1334
1398
2610
3459
7784
1382
6123
8102
5835
4871
3013
2188
6113
228
721
9749
6568
6892
4353
1827
3414
9783
2258
4717
66
4806
6051
4043
2818
9918
1377
503
7667
338
313
5450
1720
2788
3551
7554
7658
2915
6093
3770
9495
3165
3518
6062
56
4222
7888
3469
356
6498
4537
421
1303
587
4463
472
504
2192
974
8170
2529
1286
3619
600
4073
3522
8153
8082
2788
597
1851
2282
3761
1720
8344
168
2293
2583
9989
2648
9080
4525
3069
6734
5112
7531
7205
5615
6074
4530
137
4955
2168
107
5554
2592
3628
59
674
6416
655
8876
5049
768
6948
9744
935
9240
2327
923
1888
7758
5448
4956
4492
559
8838
8048
2525
4912
8930
9013
6218
1097
9120
1771
3688
9099
1829
713
1866
2484
9589
6915
9603
6536
6658
537
5775
8984
7812
4014
3094
3259
8969
3937
169
4159
8336
9045
5422
7265
8058
1639
4713
3529
9761
4753
2627
1590
5465
4493
425
1405
1407
27
4292
4416
6915
6419
3400
4726
432
2845
4336
5753
6781
4504
6263
5116
9901
1684
8733
4310
9674
3445
7838
9434
8197
6816
1023
14
7660
7799
7770
9066
7825
2062
3482
1092
8480
3233
5817
5263
6077
153
1015
9209
1008
3629
4324
908
5312
3056
5217
4985
2853
9406
771
7401
6222
1793
7414
233
5944
1536
9299
120
3597
9132
1211
8428
8716
7028
3690
1144
3532
1057
352
4539
4685
1027
5447
6349
4083
7015
7685
6935
2773
8455
4335
5346
6600
8101
5578
2543
9636
1228
2662
9584
6711
225
8011
1778
7252
8052
2921
783
9108
9624
1673
145
651
3471
2845
1085
486
529
4371
9610
8984
8705
4955
5583
3157
532
4477
9144
8112
7138
8727
4822
7362
6737
6600
965
1141
5872
8099
6600
5496
6124
6744
2498
9594
9588
3582
79
6469
7952
6040
5452
3008
994
7386
6165
7878
1862
1660
5989
5351
387
7162
9065
3475
3761
6381
4615
9633
832
1215
1480
6955
4310
3977
6548
250
7558
2979
6718
1861
9018
8521
4868
12
5906
7384
4241
4119
9044
229
9469
9430
7390
4885
9256
7503
1266
223
3487
2097
1437
4966
5403
2098
8942
1950
2347
2851
4928
5416
4711
3946
3936
9578
309
6193
6962
4549
311
2357
1129
6132
8138
8518
7368
7393
2372
4985
7615
5858
7081
5403
823
8835
7501
6116
785
6199
8966
5712
1615
28
6009
1902
9606
2669
4447
2919
3569
4757
5275
4697
7240
3412
9567
960
7156
1938
5944
4771
7796
9377
6525
4970
8211
4025
7438
8995
6576
6403
1059
8190
6431
3419
6443
2388
6088
889
1658
9656
1998
3284
705
5589
6695
271
6548
202
8560
2492
1324
2707
1868
7849
4029
78
1873
1466
9073
8448
7868
6483
2989
650
9901
5784
9389
2340
6672
1046
8348
5021
4329
9052
610
7375
5674
7157
7577
4233
6000
8900
3292
7867
3100
7320
4297
4973
8785
9721
9772
3004
6203
9113
6
2455
4896
9394
4795
7919
6792
9494
2940
1120
4897
3549
4847
570
7057
2423
1154
3057
7674
4445
7275
7126
8116
1571
2098
6900
7643
8221
6256
3845
3685
6261
2652
8580
2006
3798
2851
8797
3291
5790
6269
8187
5690
1115
5108
9098
9889
2613
8506
3914
3410
2133
1039
1525
55
9488
4777
7698
7709
1032
1542
7745
7292
4193
2677
5649
4342
5527
4446
7632
7668
714
2170
9709
8180
7277
8806
8068
9890
3664
1981
3299
5796
3020
1175
5850
8859
5951
3547
6567
6982
1441
664
625
1985
3340
2626
6327
8866
7071
3958
2885
4136
6128
2593
2315
9756
1398
6734
5997
5061
8714
5647
7208
8085
6822
3058
6944
2772
2956
9862
6106
4396
525
3082
6381
216
5707
2707
5433
9129
3016
8317
3264
5495
909
1930
1603
2307
8663
7599
3719
3729
3246
927
1813
6419
3984
5108
5542
6939
1322
1647
7687
8198
4729
419
8414
6787
3125
3846
5916
2492
2163
9179
4339
3071
7461
5941
1729
6123
9891
5448
9851
9488
2726
8016
5906
3061
3123
1448
6351
796
9446
4037
8994
526
4455
7407
7313
3931
7604
3228
2775
9766
8758
7113
9189
6218
9405
917
8693
9295
2716
8543
8783
5441
2910
1040
4853
6033
2487
1204
3180
8285
1592
2173
8810
2399
5931
6122
6329
3535
5701
9103
9652
811
2567
5192
3380
1971
6109
2072
7618
5176
6967
2752
6969
9876
3791
1821
2260
2630
9376
5440
914
968
3964
9723
3366
9895
2197
6046
9781
4249
1501
5784
5059
419
976
8439
2390
3436
6862
6359
8611
3828
9110
1931
3704
9252
104
5963
1881
9479
7754
2794
6798
1718
8869
6515
1612
1065
8913
7744
1665
413
3527
6724
831
4502
1514
9572
4289
4727
2282
2900
8555
1391
1182
8610
643
1285
924
2523
7116
8678
1669
265
395
6889
3132
8358
4305
2044
2453
5969
8808
5979
9044
9638
6833
557
5562
1121
1636
7843
372
190
5586
7906
5151
2580
9190
6074
5102
2657
1103
3122
2922
7849
10
6053
6206
4314
4448
5010
283
3255
989
5678
9244
4173
2587
1157
1645
4222
5352
2017
763
937
9922
5913
3516
5463
8338
4969
4472
9441
4443
7393
7289
4452
9797
9847
5118
596
4856
1752
3850
2196
7429
9445
2720
15
602
4365
588
2305
2733
1350
3241
9006
7262
3108
820
5600
8076
5291
5040
2518
9035
8680
3322
8831
8526
8439
5778
3382
6542
5979
1929
322
5424
4649
6689
2377
9013
7276
4681
1745
8626
4273
7102
5887
7380
7921
7838
5455
3212
9229
4325
2246
7909
3998
7429
6434
8788
3206
6167
5329
9185
8096
5650
960
2744
2338
9688
8108
9614
720
6204
4591
4992
3305
6829
8723
7577
4667
529
788
3895
4853
9386
8155
5202
6814
941
3989
6371
7107
9317
1907
1554
1319
9218
649
8
8905
5108
5973
5976
1311
563
7319
967
7392
6041
8544
2058
6570
9331
2304
7774
5068
6811
2976
8233
7751
6964
4604
1209
2633
6510
2763
303
2080
9763
310
7336
4871
6283
3312
6181
3197
630
3500
588
3023
2043
8997
5944
7725
7653
69
2793
4463
9396
1025
2213
2712
1980
9773
5344
4842
8887
5646
6921
8650
2307
4256
9872
8589
3919
6052
1786
4549
9551
8725
3923
7945
7722
9866
5670
1726
9934
4814
6188
9330
5838
4752
8393
4170
4524
3736
9011
3411
5733
5931
8412
8039
186
8283
2980
457
686
1117
5005
6589
6193
8927
4533
266
5144
6554
1991
1429
1367
8178
7110
3557
9281
5502
7726
3805
5589
6736
3567
1321
9018
8330
5712
5555
6612
5043
6011
7297
6159
1015
237
8703
6293
4770
8969
7788
7675
959
9217
9042
9137
6326
8950
4769
8180
6675
4925
3768
9762
8491
5089
8779
6820
7152
4333
9783
2194
344
3432
4704
7710
3668
3406
355
4789
2374
4494
2464
9685
62
7857
5173
6388
6806
9941
919
9832
4866
4686
5945
9708
6126
4723
6528
3277
5407
2662
1822
2102
6093
2877
6164
9761
6283
2870
4549
5008
7363
7012
1044
7425
4868
6216
164
8025
6157
1082
7856
7374
5767
3800
7081
8245
4874
9960
1521
6633
2622
9695
8734
8714
2571
1249
4826
5205
4118
9375
6565
1481
2738
7608
5257
3958
176
1772
8334
6332
2853
6190
57
4971
6341
7137
3215
7567
7097
1088
4199
6070
782
9284
4783
9704
533
5961
4909
4650
5335
7825
2482
4424
5432
7738
4733
5607
5861
3067
8290
8713
5608
8346
36
1948
1835
9602
5866
8931
689
64
1352
7822
9348
2486
3878
9880
8446
8786
881
3780
6610
3363
4556
8393
7452
9288
4000
3313
2354
8641
8377
7961
6987
8412
6261
5173
8014
2126
455
5054
8542
1806
9228
7889
4291
3105
4120
2737
8242
5000
2868
1203
8362
7423
9595
2166
6711
9946
5478
5416
8587
3854
9729
1925
8618
5989
7097
2983
4466
7551
4388
3007
5708
3615
7247
9998
3071
1366
9086
7664
2718
1954
8866
7431
9376
8461
9596
2438
8406
5073
4206
3344
5279
3934
1620
3896
6274
8716
3230
739
2618
7617
98
4677
7584
3696
4675
7006
1414
3760
4670
4131
2065
3535
1561
1441
1995
7509
230
6753
8933
4435
6448
4211
4720
8068
4458
993
3135
4039
8084
2105
1656
4533
6781
5591
8228
7807
2596
9641
7919
7265
3771
9983
7152
1684
7775
9146
5544
8005
2250
4476
8791
8698
5039
3511
3117
5848
855
6251
9887
5290
8355
7894
9822
1488
9836
4402
9294
2431
4042
7212
6048
4165
3547
3199
2200
1321
8696
7743
9325
7298
8570
4468
2347
3608
4330
5463
5808
1536
8065
2046
6826
6420
6291
2999
4259
6126
3752
3552
4908
7794
7116
7307
8310
662
6857
6861
8334
5553
955
7659
9202
9524
8478
1548
9484
2807
7010
5291
4342
5074
3688
7519
7845
9978
6870
2103
2455
621
2007
7362
4766
5474
4669
3075
2487
7877
9935
820
3429
889
4830
2630
6765
3307
529
6248
2465
3890
7890
3159
8964
7929
677
3160
7906
7546
1615
360
8167
9973
4073
9284
5446
5093
2359
4284
2970
8645
5103
2750
5886
6285
1732
2650
9591
2260
5249
8408
6150
9490
1566
1465
7418
2242
976
1675
6140
8942
8386
658
8914
2458
9941
711
3903
8651
4994
3224
7296
6449
5973
9533
2733
7704
2182
8675
6316
3782
3434
8817
3271
4999
6633
7040
3593
3960
8714
6084
2902
7099
6741
1815
5908
3033
8878
9810
8036
3871
3033
5331
6671
5358
1215
5755
9413
9748
4430
5728
3529
4215
896
3151
9214
7528
190
2806
1488
8903
5241
4389
2353
1981
2555
8260
1365
1432
4422
9400
1655
3806
1082
8325
9163
2296
432
8576
2043
4861
4303
1923
5427
1551
5073
4640
9078
5262
3797
6917
516
9037
7657
9220
7369
212
7480
8734
7995
8253
4485
9649
2058
1919
4326
1221
4214
4757
6148
2609
5969
450
4531
1395
8352
5956
6035
7430
7569
6183
698
8085
5220
8355
7304
2588
8566
1135
7673
6560
5739
2158
6209
7797
428
6886
5369
4641
1642
1516
3601
7610
8317
8132
5356
6669
439
1390
450
8007
7573
1147
6091
9144
9501
9747
1731
8066
7233
5756
978
2972
4265
3538
7120
4692
423
2488
9332
2064
4003
9285
6025
8671
3768
1380
5339
4206
9122
5788
2212
3046
6935
8303
2189
2787
4401
271
853
7985
6026
8182
956
290
1719
4427
4981
2141
6914
665
556
7268
9949
2932
5939
3716
663
7629
7921
9784
9769
6484
9181
6703
4786
7721
5841
5538
4344
6693
3523
369
4874
830
7011
2944
5257
8343
5084
2170
5359
1991
5790
1659
4922
1728
1726
5585
5708
5998
1720
5476
2482
7253
8530
3619
4973
4371
9157
5668
7415
9031
6037
8641
9860
9399
1584
5116
4093
6668
3638
9452
5010
5779
7462
9932
3858
9188
1868
9565
5185
9939
5041
7666
3543
3570
7637
4868
4292
6793
535
1707
2175
6571
347
2034
2321
1930
3502
6414
4949
3491
2217
9959
9269
9678
6242
3126
8865
4461
2690
402
751
4082
4419
4294
7652
2055
9161
1943
5199
9695
1
7373
2618
347
5759
4938
2277
9260
7703
3577
2750
6271
9887
8370
5949
6128
1495
1165
6940
536
7918
7691
4618
8689
1984
8621
743
7496
6915
2294
7190
6916
6018
9807
7262
1776
1097
5890
7387
5151
9467
6488
1422
9353
4857
3722
1833
6351
1238
8772
6887
9156
2814
1504
7844
4797
124
4938
2292
7038
3583
5834
305
9601
5640
7567
7728
3088
3456
5115
8239
9274
1602
6012
8627
6459
9733
6811
2809
970
5582
6047
6477
8396
3902
672
9544
377
1962
8188
3767
5544
4021
4071
1496
6012
1637
9224
5452
1445
4338
3690
7070
5939
6053
5696
8749
5785
8858
7910
3106
4440
3956
9583
9187
7858
6606
5082
4586
8567
9621
8352
4111
3641
2423
5606
6005
411
4829
1456
8207
5518
1497
5277
7809
7549
972
6557
9685
6182
4466
2790
621
4774
8724
6159
8983
1682
1240
3568
248
861
1920
4358
853
694
6316
3209
1104
7496
1016
9311
9366
8864
4587
7174
6412
1910
82
2448
8091
4548
1590
5063
5673
6665
7573
1007
8346
5165
4574
8594
2377
2845
9303
3229
3538
1970
2790
994
9466
3805
6656
8831
2669
1242
2356
5432
9503
2437
4232
3946
3336
5821
9008
9008
8837
6581
14
7183
8097
940
2128
473
3784
1430
3701
3674
9752
2842
1019
5569
6647
7674
751
5667
5267
3106
7450
1121
5542
8033
5066
8878
3853
426
4237
2690
3358
603
6224
1454
1542
8351
1926
1677
6132
1978
1702
5883
4820
2720
1451
7818
6745
2201
9836
2011
1658
7285
3132
7200
1670
4549
2429
5522
4974
3017
4563
8331
3619
7138
9784
1512
5488
8061
9541
7972
39
1242
3854
4858
314
1657
9027
3410
209
8862
5421
1867
2498
4904
9066
4167
9452
7846
6041
778
7214
6955
9108
833
4093
5244
8696
5932
3304
8236
3903
3342
5830
4109
4551
2495
2117
3577
5904
2325
2438
7676
4191
4936
8931
9608
5454
4735
7453
1494
5512
4667
4801
4619
1851
8893
6214
6898
1176
9518
1486
1431
9211
3667
5539
3762
2513
7655
7338
4768
9979
9776
8796
522
1063
7726
129
2868
2460
3934
4362
4323
8600
9162
5294
6802
4406
1507
51
5581
1024
1536
3363
235
5202
8901
3996
7714
2907
7685
8834
9238
3812
7629
9759
4874
5354
6239
7742
4166
172
8455
8488
5123
3968
3781
1924
8373
5288
1975
305
2663
9862
3668
9249
1416
8920
9596
5481
8179
7281
4314
3768
1092
1942
9878
2318
7296
6116
6411
7813
6288
4865
6300
1410
5184
6433
9686
3556
8072
8012
212
734
4225
3879
6335
5640
9151
5930
1121
7329
3210
5434
1096
654
7376
973
9323
1023
3440
5733
5187
9727
6949
7838
7489
2132
4270
7174
5687
2341
1537
2250
9427
5761
2481
5761
1401
1631
1690
8873
5311
1252
4306
6406
8257
8033
3730
7579
5407
7169
3311
593
3248
259
8431
736
8742
9052
4261
780
1393
2149
3029
7171
7909
5509
2931
5661
7139
972
4533
2449
8575
5191
5206
6831
3223
5287
761
4982
8808
423
1926
2055
7033
6708
9142
5774
5760
9754
6553
3504
1902
9582
674
9810
1442
9956
1823
4933
7279
2707
3733
2206
7897
5291
9036
7472
577
6149
2453
9384
6571
730
7790
3604
7438
6931
5729
3197
6684
2282
3052
4937
8215
77
1099
9656
6384
2921
940
3662
5627
4673
5867
9876
9963
1255
7347
539
7403
6151
6275
325
6880
4064
280
4317
7347
6009
3865
382
8290
3268
5319
2856
3344
6417
8863
9727
5689
9803
9741
1315
4475
5607
1190
4437
3213
4888
1327
6967
1038
3953
7292
4270
4369
7571
8586
1715
3579
8803
8448
8220
8422
3766
7427
1766
6534
6290
7844
2222
6092
7584
9889
6918
9543
7430
7706
2755
8670
9032
9722
9707
9337
3365
3976
3705
935
8914
5419
866
4068
218
5437
2489
336
2864
606
6869
9153
8450
5443
1596
6033
1683
8513
5575
5464
6218
4682
4133
1601
4403
192
937
4119
4167
4641
5053
9432
6411
2270
9851
6629
7707
2340
6964
570
9297
184
6074
7746
1978
7669
131
3660
2533
2057
9124
8750
6738
9608
6702
7492
9799
7639
1610
318
8631
3015
6101
5042
5284
5952
8022
9342
4643
1337
6263
3939
7872
2336
1685
9850
6356
1815
3509
8888
3871
8984
3989
6961
4944
691
804
4742
8329
2414
5059
6959
5428
1160
8352
7063
7111
2725
6405
8105
4061
2667
2043
1933
1355
3727
1782
7710
1893
1642
2950
2116
6978
6938
9076
1921
3980
9879
6662
8660
8644
8073
1971
423
5584
322
7486
2694
3047
242
7150
3459
2908
9192
5391
614
9271
3524
8324
1163
5166
7625
3278
8495
914
8705
415
4894
4936
3428
3553
3579
1500
5523
4002
7083
2197
7839
6128
1595
8080
3277
5053
7339
2469
6796
7953
1739
319
2628
9253
1836
252
8883
330
1165
7587
7096
2410
2522
524
2315
2453
8375
4189
2806
5458
6385
644
7937
4331
8723
7566
9384
2413
6386
2531
365
8124
2849
2992
3728
1037
9595
2610
7718
760
197
1166
9521
9070
1689
8187
1522
6415
2376
4327
8224
5112
1322
6161
9443
6396
3726
5178
8809
111
7708
9173
4586
6908
8517
4665
7944
8111
7275
2014
5222
3823
3179
4743
2892
1219
2929
766
7633
1656
1444
5857
6768
2766
8369
2562
5513
8446
7739
4321
4908
5446
9846
5845
2353
8362
509
6649
6472
7783
8662
1694
7957
8192
2788
849
9410
2068
7966
7042
3724
5761
9250
6843
4878
7618
9404
391
6063
7142
4711
7322
8939
4556
3166
7643
9269
3675
4291
5741
7809
9304
3786
5766
7495
2925
6614
3256
1344
931
6650
1419
6691
5899
8261
1569
9869
4016
1959
2283
7509
3021
9605
6447
3929
2770
442
3197
6444
1084
5289
4253
388
5426
18
4234
8350
2983
3842
6046
265
491
7464
3307
2741
2077
4875
2609
2444
3185
4892
9953
2558
848
2751
6486
3617
3192
9682
6413
4276
1323
7017
1015
6748
3386
1600
5098
2720
5441
7495
2984
5931
4958
2642
8672
3386
7517
7632
5830
7053
8875
5782
5962
9722
8532
2447
9691
8076
8481
2455
2351
9803
9471
9717
6550
9208
1316
7999
1927
3109
5493
1262
5391
6803
3903
414
188
7771
8046
6017
1176
6920
8150
7137
2994
3034
5936
9036
7461
4416
1490
9811
570
7312
5879
7119
6519
7194
1470
4797
6654
3314
6058
2045
116
6312
2458
6656
4083
503
9024
1610
3775
7174
8746
3120
6559
4681
2155
4019
5448
3644
181
6017
955
6059
9488
7473
9604
957
8621
6258
622
4678
8302
738
